2, 3
2, 25
3, 24
4, 11
4, 17
4, 8
4, 24
5, 18
6, 10
7, 15
7, 25
8, 9
9, 21
9, 22
9, 18
10, 15
11, 13
13, 24
14, 16
16, 20
16, 27
18, 25
18, 21
19, 21
21, 26
23, 26
25, 27
28, 46
28, 35
28, 32
29, 40
29, 45
29, 47
31, 35
31, 47
32, 45
32, 33
33, 48
33, 45
33, 53
33, 50
34, 36
34, 53
36, 41
38, 49
38, 41
38, 44
39, 44
39, 43
39, 52
40, 49
40, 47
41, 53
45, 54
55, 73
55, 74
56, 74
57, 78
58, 63
58, 61
59, 61
59, 79
60, 72
60, 63
60, 81
61, 74
61, 64
62, 66
63, 72
64, 79
65, 69
66, 78
67, 78
67, 69
67, 71
70, 76
70, 73
71, 76
74, 75
76, 80
76, 78
82, 105
82, 107
83, 93
84, 107
84, 96
84, 92
84, 95
85, 92
86, 107
86, 108
86, 88
87, 90
88, 108
88, 101
89, 103
90, 97
90, 91
92, 99
93, 100
94, 107
94, 108
96, 99
97, 107
98, 101
100, 102
102, 107
104, 107
109, 132
110, 114
110, 132
111, 113
111, 121
112, 119
112, 125
112, 134
114, 118
114, 126
114, 120
115, 125
115, 121
116, 129
116, 125
117, 120
117, 135
117, 133
118, 123
119, 132
121, 130
121, 128
124, 129
128, 132
128, 131
130, 132
130, 135
136, 154
138, 151
138, 159
138, 161
139, 149
139, 152
139, 147
140, 146
140, 143
140, 142
141, 162
143, 156
143, 162
148, 153
148, 154
148, 149
149, 153
149, 160
149, 152
149, 162
150, 156
152, 159
152, 153
154, 161
155, 158
157, 160
158, 162
163, 178
163, 174
163, 171
163, 182
164, 174
164, 183
166, 168
166, 174
166, 185
166, 169
166, 179
167, 180
171, 178
171, 179
171, 186
171, 188
172, 185
172, 189
173, 187
173, 177
174, 175
175, 182
175, 188
176, 187
179, 189
182, 187
184, 188
190, 201
191, 213
191, 214
192, 198
193, 200
194, 201
194, 205
195, 216
195, 209
195, 196
196, 214
196, 207
198, 215
199, 214
200, 211
201, 203
201, 216
202, 207
204, 216
205, 209
205, 214
206, 208
207, 208
208, 212
210, 213
211, 215
211, 213
217, 220
217, 218
218, 227
218, 224
218, 242
218, 232
221, 226
221, 232
222, 233
222, 228
223, 232
224, 238
225, 236
226, 230
227, 228
227, 234
228, 240
228, 239
229, 233
229, 237
229, 239
230, 236
232, 233
236, 243
237, 241
238, 243
239, 243
244, 258
244, 245
244, 257
244, 253
244, 256
244, 262
246, 263
246, 262
247, 264
249, 264
250, 269
250, 267
250, 259
251, 268
251, 270
252, 253
252, 270
253, 256
253, 262
255, 262
255, 261
255, 260
256, 262
257, 267
260, 264
262, 269
266, 270
271, 282
271, 276
271, 272
272, 294
272, 289
272, 277
274, 275
274, 295
275, 280
276, 297
276, 286
276, 294
277, 278
278, 288
281, 290
281, 291
281, 282
282, 289
282, 287
283, 286
283, 291
284, 288
284, 289
284, 292
288, 296
290, 291
290, 296
298, 314
298, 318
299, 310
299, 300
299, 304
299, 315
301, 310
302, 323
302, 306
302, 311
302, 310
303, 322
303, 316
304, 314
307, 323
308, 323
308, 315
308, 320
309, 316
309, 315
309, 311
311, 319
312, 313
313, 319
314, 316
314, 319
316, 321
325, 339
326, 347
326, 343
327, 347
328, 329
328, 331
328, 344
330, 346
331, 347
332, 338
332, 340
332, 333
333, 341
333, 347
335, 342
335, 339
336, 350
336, 351
336, 338
338, 339
338, 345
338, 344
339, 349
340, 345
341, 347
348, 351
349, 351
352, 372
352, 358
353, 375
353, 374
353, 366
354, 373
354, 361
354, 362
355, 358
355, 356
357, 360
357, 359
358, 371
358, 372
358, 361
359, 364
360, 368
360, 362
360, 378
364, 368
364, 365
365, 372
365, 377
366, 369
367, 378
367, 375
375, 376
379, 402
380, 393
381, 399
381, 394
381, 404
382, 390
382, 397
384, 393
384, 402
385, 400
385, 398
385, 393
387, 394
389, 394
389, 392
390, 394
390, 397
390, 395
391, 404
392, 404
393, 396
393, 401
396, 400
397, 405
398, 401
400, 405
401, 403
406, 418
406, 425
407, 409
407, 411
407, 428
408, 417
410, 419
410, 429
411, 425
411, 428
412, 414
412, 424
413, 416
413, 425
414, 422
414, 428
415, 421
415, 416
416, 428
416, 424
416, 431
417, 430
418, 431
424, 431
424, 426
426, 431
428, 429
433, 453
434, 438
434, 459
435, 449
437, 449
437, 456
438, 443
438, 445
438, 447
439, 447
439, 451
439, 444
440, 453
441, 451
441, 452
442, 451
443, 455
444, 458
445, 456
445, 450
445, 454
446, 459
446, 449
450, 451
451, 452
456, 459
457, 458
460, 471
461, 484
461, 475
462, 485
462, 474
462, 465
463, 476
464, 479
465, 483
465, 484
465, 468
466, 484
468, 480
468, 478
469, 473
470, 479
471, 486
471, 482
472, 485
472, 476
474, 476
474, 484
475, 480
476, 486
476, 483
482, 485
483, 486
487, 508
487, 488
487, 510
487, 502
488, 510
488, 497
489, 512
489, 494
490, 504
490, 494
491, 499
492, 511
492, 494
493, 512
494, 509
494, 501
494, 513
495, 498
495, 507
495, 496
497, 508
497, 498
498, 511
499, 505
505, 511
508, 513
509, 512
514, 517
515, 520
515, 531
515, 528
515, 519
515, 526
515, 535
517, 526
517, 525
518, 528
518, 519
519, 529
519, 525
519, 522
519, 523
519, 524
520, 525
520, 530
521, 536
523, 531
523, 535
525, 529
529, 538
530, 535
531, 538
537, 539
539, 540
541, 550
541, 548
541, 559
542, 550
543, 555
543, 553
544, 548
544, 562
544, 545
544, 560
544, 557
545, 562
547, 552
547, 550
549, 561
549, 553
550, 565
550, 556
553, 556
554, 566
554, 565
555, 566
555, 558
556, 558
557, 565
558, 565
561, 564
568, 590
568, 581
568, 593
568, 573
568, 576
570, 582
570, 591
570, 578
571, 591
571, 589
571, 585
572, 585
572, 576
573, 580
573, 589
575, 578
576, 593
579, 588
580, 594
580, 581
581, 590
583, 584
583, 589
584, 585
586, 594
588, 594
592, 593
595, 614
596, 618
596, 615
596, 614
597, 612
597, 607
597, 602
598, 617
599, 609
599, 618
600, 616
600, 605
601, 608
603, 621
603, 611
604, 612
605, 616
606, 620
607, 618
609, 611
610, 618
611, 616
611, 619
612, 617
612, 618
617, 618
619, 620
622, 646
622, 640
622, 630
623, 634
623, 631
623, 636
624, 636
624, 626
624, 647
624, 628
624, 639
624, 631
624, 627
625, 632
626, 633
627, 634
628, 631
628, 642
632, 642
633, 647
634, 635
634, 643
636, 642
641, 643
642, 648
644, 648
645, 648
649, 673
649, 659
649, 668
649, 663
650, 654
650, 666
650, 658
651, 660
652, 666
653, 666
654, 664
654, 656
655, 660
656, 670
656, 671
656, 674
656, 667
657, 666
657, 670
658, 669
658, 667
658, 668
659, 661
662, 665
665, 670
666, 674
668, 670
676, 677
676, 689
677, 678
678, 679
679, 680
680, 681
681, 682
682, 683
683, 684
684, 685
685, 686
686, 687
687, 688
688, 689
690, 691
690, 703
691, 692
692, 693
693, 694
694, 695
695, 696
696, 697
697, 698
698, 699
699, 700
700, 701
701, 702
702, 703
704, 705
704, 717
705, 706
706, 707
707, 708
708, 709
709, 710
710, 711
711, 712
712, 713
713, 714
714, 715
715, 716
716, 717
718, 719
718, 731
719, 720
720, 721
721, 722
722, 723
723, 724
724, 725
725, 726
726, 727
727, 728
728, 729
729, 730
730, 731
732, 733
732, 745
733, 734
734, 735
735, 736
736, 737
737, 738
738, 739
739, 740
740, 741
741, 742
742, 743
743, 744
744, 745
746, 747
746, 759
747, 748
748, 749
749, 750
750, 751
751, 752
752, 753
753, 754
754, 755
755, 756
756, 757
757, 758
758, 759
760, 761
760, 773
761, 762
762, 763
763, 764
764, 765
765, 766
766, 767
767, 768
768, 769
769, 770
770, 771
771, 772
772, 773
774, 775
774, 787
775, 776
776, 777
777, 778
778, 779
779, 780
780, 781
781, 782
782, 783
783, 784
784, 785
785, 786
786, 787
788, 789
788, 801
789, 790
790, 791
791, 792
792, 793
793, 794
794, 795
795, 796
796, 797
797, 798
798, 799
799, 800
800, 801
802, 803
802, 815
803, 804
804, 805
805, 806
806, 807
807, 808
808, 809
809, 810
810, 811
811, 812
812, 813
813, 814
814, 815
816, 817
816, 829
817, 818
818, 819
819, 820
820, 821
821, 822
822, 823
823, 824
824, 825
825, 826
826, 827
827, 828
828, 829
830, 831
830, 843
831, 832
832, 833
833, 834
834, 835
835, 836
836, 837
837, 838
838, 839
839, 840
840, 841
841, 842
842, 843
844, 845
844, 857
845, 846
846, 847
847, 848
848, 849
849, 850
850, 851
851, 852
852, 853
853, 854
854, 855
855, 856
856, 857
858, 859
858, 871
859, 860
860, 861
861, 862
862, 863
863, 864
864, 865
865, 866
866, 867
867, 868
868, 869
869, 870
870, 871
872, 873
872, 885
873, 874
874, 875
875, 876
876, 877
877, 878
878, 879
879, 880
880, 881
881, 882
882, 883
883, 884
884, 885
886, 887
886, 899
887, 888
888, 889
889, 890
890, 891
891, 892
892, 893
893, 894
894, 895
895, 896
896, 897
897, 898
898, 899
900, 901
900, 913
901, 902
902, 903
903, 904
904, 905
905, 906
906, 907
907, 908
908, 909
909, 910
910, 911
911, 912
912, 913
914, 915
914, 927
915, 916
916, 917
917, 918
918, 919
919, 920
920, 921
921, 922
922, 923
923, 924
924, 925
925, 926
926, 927
928, 929
928, 941
929, 930
930, 931
931, 932
932, 933
933, 934
934, 935
935, 936
936, 937
937, 938
938, 939
939, 940
940, 941
942, 943
942, 955
943, 944
944, 945
945, 946
946, 947
947, 948
948, 949
949, 950
950, 951
951, 952
952, 953
953, 954
954, 955
956, 957
956, 969
957, 958
958, 959
959, 960
960, 961
961, 962
962, 963
963, 964
964, 965
965, 966
966, 967
967, 968
968, 969
970, 971
970, 983
971, 972
972, 973
973, 974
974, 975
975, 976
976, 977
977, 978
978, 979
979, 980
980, 981
981, 982
982, 983
984, 985
984, 997
985, 986
986, 987
987, 988
988, 989
989, 990
990, 991
991, 992
992, 993
993, 994
994, 995
995, 996
996, 997
998, 999
998, 1011
999, 1000
1000, 1001
1001, 1002
1002, 1003
1003, 1004
1004, 1005
1005, 1006
1006, 1007
1007, 1008
1008, 1009
1009, 1010
1010, 1011
1012, 1013
1012, 1025
1013, 1014
1014, 1015
1015, 1016
1016, 1017
1017, 1018
1018, 1019
1019, 1020
1020, 1021
1021, 1022
1022, 1023
1023, 1024
1024, 1025
